PNT:-0.78,-0.53:10:255,255,255
PNT:0.5,0.63:10:255,255,255
PNT:0.77,0.44:10:255,255,255
PNT:0.64,-0.86:10:255,255,255
PNT:0.84,-0.33:10:255,255,255
PNT:0.56,0.2:10:255,255,255
PNT:0.29,0.39:10:255,255,255
LIN:-0.52,-0.45:-0.383333,-0.185714;-0.220000,-0.566667;-0.003333,-0.238095;-0.213333,-0.204762;:255,255,255
LIN:-0.54,-0.7:-0.423333,-0.628572;-0.300000,-0.780952;-0.190000,-0.709524;:255,255,255
POL:0.22,-0.5:0.376667,-0.042857;0.670000,-0.252381;0.646667,-0.509524;0.360000,-0.661905;:255,255,255
POL:0.14,-0.74:0.006667,-0.580952;-0.040000,-0.695238;0.053333,-0.842857;:255,255,255
