PNT:-0.38,-0.414286:10:255,255,255
PNT:0.02,-0.347619:10:255,255,255
PNT:-0.14,-0.690476:10:255,255,255
