PNT:1.12104e-44,0:10:48,125,111
PNT:-0.34,-0.733333:10:255,255,255
PNT:-0.03,-0.480952:10:255,255,255
